C:\Python27\python.exe "X:/NITD/NITD MCA/VI/major project/study resource/centrality measure/edge_removal_learning.py"
[['0', '10', '11', '12', '13'], ['1', '8', '9', '7'], ['2', '3', '5', '6', '4']]
(0, 1)
(0, 2)
(0, 3)
(0, 10)
(0, 11)
(0, 12)
(0, 13)
(1, 8)
(1, 9)
(2, 5)
(2, 6)
(3, 4)
(3, 5)
(3, 6)
(4, 5)
(5, 6)
(7, 8)
(7, 9)
(8, 9)
(10, 11)
(10, 12)
(10, 13)
(11, 13)
(12, 13)
24 9 5 7 3
[-1, -1, -1, 0, 0, 0, 0, 1, 1, 2, 2, 2, 2, 2, 2, 2, 1, 1, 1, 0, 0, 0, 0, 0]
24
24
[(0, 1), (0, 2), (0, 3), (0, 10), (0, 11), (0, 12), (0, 13), (1, 8), (1, 9), (2, 5), (2, 6), (3, 4), (3, 5), (3, 6), (4, 5), (5, 6), (7, 8), (7, 9), (8, 9), (10, 11), (10, 12), (10, 13), (11, 13), (12, 13)]
[2, 2, 2, 2, 2, 2, 2, 1, 1, 1, 1, 1, 1, 1, 0, 1, 0, 0, 1, 1, 1, 1, 1, 1]
[1, 1, 1, 1, 1, 1, 1, 1, 1, 1, 1, 0, 1, 1, 1, 1, 1, 1, 1, 1, 1, 1, 1, 1]
[0, 0, 0, 3, 2, 2, 3, 1, 1, 1, 1, 1, 2, 1, 1, 2, 1, 1, 2, 2, 2, 3, 2, 2]
[0.0, 0.0, 0.0, 0.04907497565725414, 0.032716650438169424, 0.032716650438169424, 0.04907497565725414, 0.016358325219084712, 0.016358325219084712, 0.016358325219084712, 0.016358325219084712, 0.016358325219084712, 0.032716650438169424, 0.016358325219084712, 0.016358325219084712, 0.032716650438169424, 0.016358325219084712, 0.016358325219084712, 0.032716650438169424, 0.032716650438169424, 0.032716650438169424, 0.04907497565725414, 0.032716650438169424, 0.032716650438169424]
[0.23809523809523808, 0.23809523809523808, 0.23809523809523808, 0.23809523809523808, 0.23809523809523808, 0.23809523809523808, 0.23809523809523808, 0.3333333333333333, 0.3333333333333333, 0.3333333333333333, 0.3333333333333333, 0.3333333333333333, 0.3333333333333333, 0.3333333333333333, 1.0, 0.5, 1.0, 1.0, 0.6666666666666666, 0.8333333333333334, 0.8333333333333334, 0.8333333333333334, 1.0, 1.0]
[0.3333333333333333, 0.3333333333333333, 0.3333333333333333, 0.8333333333333334, 1.0, 1.0, 0.8333333333333334, 0.6666666666666666, 0.6666666666666666, 0.5, 0.6666666666666666, 1.0, 0.5, 0.6666666666666666, 0.5, 0.6666666666666666, 0.6666666666666666, 0.6666666666666666, 0.6666666666666666, 1.0, 1.0, 0.8333333333333334, 0.8333333333333334, 0.8333333333333334]

Process finished with exit code 0
